0.354 0.34
0.128 0.204
0.37 0.338
0.362 0.334
0.238 0.294
0.26 0.302
0.22 0.286
0.224 0.287
0.21 0.282
0.196 0.261
0.194 0.26
0.238 0.276
0.166 0.253
0.368 0.335
0.19 0.272
0.252 0.3
0.25 0.302
0.218 0.287
0.184 0.255
0.158 0.245
0.234 0.292
0.306 0.311
0.3 0.309
0.13 0.201
0.302 0.311
0.342 0.329
0.188 0.257
0.292 0.309
0.16 0.237
0.324 0.321
0.178 0.263
0.28 0.306
0.196 0.274
0.228 0.29
0.202 0.279
0.162 0.239
0.306 0.31
0.284 0.306
0.302 0.312
0.232 0.275
0.208 0.267
0.132 0.211
0.232 0.294
0.366 0.335
0.26 0.303
0.232 0.29
0.238 0.296
0.144 0.221
0.338 0.328
0.18 0.253
0.272 0.303
0.138 0.221
0.236 0.276
0.262 0.3
0.256 0.299
0.264 0.304
0.218 0.288
0.152 0.23
0.176 0.25
0.24 0.296
0.374 0.337
0.226 0.293
0.31 0.311
0.346 0.331
0.222 0.272
0.166 0.242
0.35 0.332
0.2 0.276
0.25 0.299
0.188 0.27
0.244 0.296
0.178 0.25
0.238 0.293
0.362 0.335
0.338 0.327
0.15 0.237
0.266 0.303
0.222 0.286
0.354 0.334
0.206 0.279
0.274 0.306
0.198 0.274
0.198 0.262
0.282 0.305
0.222 0.294
0.17 0.246
0.23 0.291
0.178 0.262
0.358 0.335
0.302 0.31
0.358 0.333
0.208 0.281
0.164 0.241
0.156 0.243
0.372 0.337
0.314 0.312
0.37 0.336
0.174 0.249
0.372 0.336
0.202 0.278
