0.186 0.204
0.192 0.239
0.22 0.301
0.238 0.34
0.206 0.275
0.19 0.224
0.204 0.243
0.228 0.286
0.192 0.22
0.228 0.315
0.222 0.3
0.216 0.291
0.186 0.218
0.244 0.348
0.194 0.245
0.198 0.236
0.182 0.201
0.184 0.202
0.212 0.268
0.188 0.212
0.216 0.293
0.19 0.217
0.202 0.241
0.224 0.305
0.194 0.244
0.204 0.244
0.214 0.262
0.19 0.214
0.234 0.296
0.214 0.281
0.19 0.232
0.208 0.265
0.194 0.23
0.196 0.228
0.198 0.256
0.208 0.269
0.196 0.231
0.214 0.277
0.186 0.205
0.242 0.336
0.246 0.348
0.186 0.216
0.184 0.211
0.228 0.319
0.196 0.246
0.22 0.279
0.192 0.234
0.196 0.235
0.202 0.254
0.244 0.319
0.222 0.301
0.182 0.2
0.262 0.334
0.226 0.308
0.204 0.249
0.194 0.227
0.182 0.202
0.23 0.327
0.218 0.294
0.192 0.218
0.222 0.285
0.188 0.223
0.194 0.232
0.238 0.341
0.238 0.324
0.232 0.312
0.204 0.257
0.208 0.266
0.202 0.265
0.19 0.225
0.194 0.226
0.254 0.326
0.222 0.274
0.22 0.273
0.212 0.262
0.186 0.214
0.204 0.266
0.216 0.28
0.19 0.226
0.202 0.253
0.194 0.236
0.224 0.296
0.214 0.271
0.232 0.309
0.186 0.219
0.24 0.302
0.206 0.276
0.2 0.237
0.198 0.237
0.19 0.219
0.216 0.265
0.202 0.238
0.216 0.295
0.194 0.234
0.226 0.285
0.238 0.308
0.218 0.275
0.236 0.317
0.222 0.296
0.198 0.254
