0.366 0.312 7.58 8.34 0.000533714 -0.000516508 -0.0342628 -0.655736 -1.67234 1
0.216 0.255 7.58 8.98 0.000508336 -0.00114254 -0.0293713 -0.557555 -1.66741 1
0.192 0.245 7.62 8.86 0.000803213 7.98247e-05 -0.0285585 -0.53922 -1.66531 1
0.304 0.268 7.62 7.6 0.00241868 -6.04943e-05 -0.0380443 -0.628745 -1.66765 1
0.286 0.261 7.72 7.74 0.00425347 7.82193e-05 -0.0371907 -0.621722 -1.66482 1
0.316 0.271 7.78 7.88 0.00354297 -9.33328e-06 -0.0343059 -0.640103 -1.67036 1
0.318 0.296 7.76 8.64 0.00166319 -8.00201e-05 -0.0345091 -0.62957 -1.66764 1
0.286 0.28 7.74 8.78 0.000915145 6.02947e-05 -0.0315593 -0.607129 -1.6674 1
0.278 0.275 7.82 8.76 0.000718786 4.93115e-05 -0.0307377 -0.60112 -1.66708 1
0.254 0.264 7.86 8.56 0.00173625 -0.000161636 -0.033803 -0.589092 -1.66844 1
0.202 0.249 7.86 8.96 0.000658089 3.24056e-05 -0.0296616 -0.546518 -1.66623 1
0.154 0.22 7.84 8.52 0.00117202 -0.000129193 -0.0245688 -0.509405 -1.65994 1
0.226 0.258 7.84 8.94 0.00144932 2.08327e-05 -0.031733 -0.567073 -1.66759 1
0.342 0.305 7.84 8.48 0.00170635 5.43154e-05 -0.0357062 -0.644552 -1.67011 1
0.224 0.257 7.84 8.9 0.00151422 -7.28088e-06 -0.0318373 -0.565099 -1.66765 1
0.19 0.244 7.96 8.94 0.00148296 5.56866e-05 -0.0285265 -0.538765 -1.66445 1
0.194 0.245 7.92 8.86 0.000731821 -0.000138463 -0.0289606 -0.539904 -1.66495 1
0.284 0.279 7.98 8.88 0.00104558 1.83548e-05 -0.031327 -0.606925 -1.6666 1
0.328 0.3 7.98 8.62 0.000631626 -8.38422e-05 -0.0350197 -0.633301 -1.66964 1
0.378 0.323 7.98 5.78 0.000577907 -6.3496e-05 -0.0337398 -0.670051 -1.66415 1
0.308 0.269 7.9 7.56 0.00369841 -0.000217724 -0.0373183 -0.634451 -1.66635 1
0.148 0.214 8.04 8.38 0.000728808 -0.000410326 -0.0240511 -0.502782 -1.65906 1
0.346 0.306 8.04 8.42 0.000580691 9.38591e-05 -0.0357835 -0.644147 -1.67164 1
0.316 0.295 8.02 4.34 0.000895593 -6.04244e-05 -0.0343496 -0.626114 -1.66854 1
0.27 0.27 8.08 8.78 0.00278201 5.09311e-05 -0.0306371 -0.600499 -1.66565 1
0.272 0.271 8.04 8.72 0.00151567 0.00018078 -0.0306304 -0.598418 -1.66569 1
0.146 0.212 8.02 8.32 0.000702917 -0.00057358 -0.0236785 -0.501064 -1.65888 1
0.302 0.267 8.08 7.72 0.000718067 -0.00123108 -0.0353828 -0.624266 -1.66691 1
0.178 0.237 8.14 8.86 0.00118774 0.000420234 -0.027301 -0.528965 -1.66248 1
0.17 0.232 8.12 8.78 0.00123047 -9.14968e-05 -0.0265367 -0.522049 -1.66193 1
0.386 0.314 8.18 7.84 0.00200971 -9.85477e-05 -0.0372775 -0.680448 -1.66713 1
0.21 0.252 8.1 8.98 0.00132161 0.000426534 -0.0303083 -0.554787 -1.66603 1
0.26 0.265 8.14 8.44 0.00130654 3.67862e-05 -0.0346242 -0.592794 -1.6691 1
0.166 0.229 8.16 8.68 0.000881102 7.7877e-06 -0.0262023 -0.518095 -1.66143 1
0.36 0.31 8.12 8.32 0.000671034 -0.000178782 -0.03621 -0.651749 -1.67397 1
0.39 0.317 8.22 8.5 0.00220399 -0.000121597 -0.0359274 -0.67244 -1.67754 1
0.324 0.298 8.24 8.58 0.000620521 0.000169272 -0.0349333 -0.630556 -1.6691 1
0.31 0.269 8.22 7.62 0.002083 -0.000204128 -0.0345398 -0.635577 -1.66774 1
0.296 0.265 8.24 7.7 0.00154938 -3.84611e-05 -0.0338603 -0.627264 -1.6638 1
0.18 0.238 8.2 8.88 0.00128176 -7.08731e-05 -0.0278332 -0.52973 -1.66331 1
0.304 0.272 8.28 8.42 0.00139237 -3.41596e-05 -0.0344876 -0.618396 -1.6764 1
0.196 0.246 8.22 8.96 0.00165362 -9.41571e-05 -0.0291788 -0.543317 -1.66493 1
0.31 0.292 8.2 8.7 0.000917571 -5.23839e-05 -0.0340099 -0.621709 -1.66823 1
0.292 0.283 8.26 8.84 0.00136746 -9.28855e-05 -0.0325104 -0.611002 -1.66693 1
0.29 0.282 8.22 8.84 0.000607207 0.000209969 -0.0320633 -0.610335 -1.66616 1
0.268 0.251 8.24 7.92 0.00363027 1.97092e-05 -0.0359079 -0.607581 -1.66209 1
0.3 0.266 8.34 7.78 0.0022351 -0.000190592 -0.0349167 -0.626082 -1.66627 1
0.306 0.272 8.38 8.4 0.00210303 -6.76283e-05 -0.0350773 -0.62085 -1.67605 1
0.19 0.243 8.32 8.94 0.00137394 8.61138e-06 -0.028765 -0.537686 -1.664 1
0.304 0.289 8.38 8.76 0.00062258 8.84565e-06 -0.0338245 -0.616664 -1.66812 1
0.396 0.317 8.36 7.76 0.00102328 -3.45372e-05 -0.0374836 -0.682842 -1.66976 1
0.294 0.284 8.32 8.82 0.000638924 -0.00017663 -0.0325528 -0.610444 -1.6679 1
0.3 0.287 8.32 8.76 0.000925569 -0.000105977 -0.0332656 -0.615204 -1.66733 1
0.296 0.285 8.36 8.8 0.000833265 -0.000154256 -0.0329575 -0.611753 -1.66779 1
0.266 0.267 8.32 8.74 0.00137027 0.00015663 -0.0300119 -0.59436 -1.66567 1
0.228 0.257 8.32 8.84 0.000872596 -0.000771715 -0.0322593 -0.565349 -1.66789 1
0.302 0.288 8.38 8.78 0.000536864 4.53738e-05 -0.0334905 -0.61558 -1.66805 1
0.312 0.27 8.3 7.62 0.00283106 -6.41789e-06 -0.0359547 -0.63713 -1.66505 1
0.174 0.234 8.36 8.78 0.000742288 -0.000604602 -0.0269069 -0.523126 -1.66257 1
0.28 0.276 8.36 8.82 0.00117247 0.000133401 -0.0314499 -0.60274 -1.6665 1
0.314 0.269 8.44 7.6 0.00445573 2.41526e-05 -0.0351604 -0.638432 -1.66831 1
0.21 0.251 8.46 8.92 0.000513315 -0.000119406 -0.0309464 -0.551305 -1.6666 1
0.222 0.255 8.42 8.82 0.000539801 -0.000306347 -0.0321784 -0.560442 -1.66768 1
0.27 0.252 8.5 7.96 0.00197803 9.56155e-05 -0.0348809 -0.605912 -1.66314 1
0.312 0.269 8.52 7.44 0.00360237 4.24261e-05 -0.0358497 -0.636409 -1.66686 1
0.384 0.313 8.54 3.86 0.00163817 -8.33094e-05 -0.0373422 -0.676516 -1.66821 1
0.392 0.316 8.52 7.86 0.0018615 -6.13214e-06 -0.0374431 -0.682226 -1.66852 1
0.2 0.247 8.54 8.92 0.00063236 -0.000362053 -0.0299659 -0.543241 -1.66556 1
0.278 0.256 8.52 7.96 0.00185303 -1.96928e-05 -0.0353426 -0.610447 -1.66549 1
0.282 0.277 8.56 8.82 0.000755085 5.19595e-05 -0.0316979 -0.602599 -1.66705 1
0.276 0.255 8.64 7.98 0.00210752 -3.35995e-05 -0.0353281 -0.608816 -1.66486 1
0.394 0.316 8.62 7.7 0.00192538 -7.70589e-05 -0.0378099 -0.680026 -1.67031 1
0.26 0.246 8.64 8.04 0.0029168 1.07478e-05 -0.034793 -0.599659 -1.66106 1
0.284 0.259 8.6 7.76 0.000870682 -0.00246983 -0.0310757 -0.614053 -1.66454 1
0.176 0.235 8.62 8.8 0.000687485 -0.000794266 -0.0274105 -0.523885 -1.66283 1
0.28 0.257 8.6 7.9 0.00170669 -0.000111197 -0.0351903 -0.61151 -1.66527 1
0.272 0.253 8.7 7.98 0.00268829 -7.1639e-05 -0.0350394 -0.607451 -1.66332 1
0.198 0.246 8.74 8.92 0.000916021 -0.000412431 -0.030005 -0.541826 -1.66518 1
0.248 0.238 8.7 8.24 0.00352154 -0.000119769 -0.0341793 -0.589681 -1.66004 1
0.254 0.242 8.74 8.08 0.0040152 -8.46037e-05 -0.0349475 -0.593684 -1.65979 1
0.274 0.254 8.8 8.04 0.00101273 -9.55127e-05 -0.0348336 -0.605418 -1.66491 1
0.298 0.265 8.82 7.86 0.00184651 -0.00309023 -0.0268268 -0.633613 -1.65839 1
0.286 0.26 8.8 7.88 0.00226344 -7.38089e-05 -0.0347253 -0.617411 -1.66539 1
0.272 0.252 8.96 7.9 0.00400808 -3.02877e-05 -0.0359504 -0.605651 -1.66388 1
0.268 0.25 8.96 7.8 0.00359082 2.71015e-05 -0.03576 -0.602356 -1.6637 1
