0.302 0.27 7.58 7.54 -0.000109924 -0.00331947 -0.038702 -0.623484 -1.66837 0
0.304 0.271 7.52 7.48 -0.000125712 -0.00804076 -0.0394855 -0.619225 -1.66847 0
0.302 0.271 7.6 7.56 3.49497e-06 -0.0166331 -0.0438266 -0.604118 -1.66884 0
0.3 0.27 7.66 7.64 -8.13825e-05 -0.00669826 -0.0388838 -0.617538 -1.6689 0
0.296 0.271 7.72 7.72 -0.00020241 -0.00279206 -0.0370181 -0.618368 -1.66949 0
0.298 0.269 7.72 7.7 -7.8824e-05 -0.00416652 -0.0384707 -0.619023 -1.66885 0
0.296 0.268 7.78 7.74 -3.75356e-05 -0.00287307 -0.0382084 -0.619062 -1.66878 0
0.298 0.27 7.74 7.72 -7.85333e-05 -0.0116837 -0.0396883 -0.609465 -1.66936 0
0.396 0.318 7.8 7.76 -9.28764e-05 -0.0104307 -0.0367955 -0.668529 -1.67376 0
0.294 0.27 7.86 7.86 -9.63413e-05 -0.0163589 -0.035279 -0.604784 -1.67005 0
0.296 0.269 7.82 7.78 -7.61387e-05 -0.00739753 -0.0385472 -0.613342 -1.66939 0
0.294 0.269 7.88 7.86 -6.92225e-05 -0.0120286 -0.0392582 -0.605756 -1.66984 0
0.294 0.267 7.82 7.8 -7.61315e-05 -0.00212866 -0.0380462 -0.618396 -1.66873 0
0.294 0.268 7.84 7.84 -0.000108382 -0.00561361 -0.0381693 -0.613897 -1.66938 0
0.296 0.27 7.82 7.8 -0.000107648 -0.0231805 -0.0581792 -0.577143 -1.66975 0
0.29 0.266 7.96 7.94 -3.39098e-05 -0.00410522 -0.0378045 -0.612528 -1.66935 0
0.392 0.317 7.94 3.94 1.23574e-05 -0.00530949 -0.0374189 -0.669522 -1.67478 0
0.292 0.268 7.94 7.92 -0.00011043 -0.00901542 -0.0383504 -0.607949 -1.6699 0
0.292 0.269 7.94 7.94 -0.000100257 -0.0207648 -0.0445741 -0.589357 -1.67023 0
0.292 0.267 7.9 7.9 -4.15407e-05 -0.0046521 -0.0379359 -0.613518 -1.66936 0
0.292 0.27 7.92 7.92 -0.000103452 -0.00989731 -0.0363049 -0.608211 -1.67025 0
0.29 0.268 8.02 8.02 -0.000104051 -0.0139343 -0.0391094 -0.599963 -1.67033 0
0.288 0.266 8.04 8.04 -7.42557e-05 -0.00683557 -0.0377027 -0.607401 -1.66995 0
0.288 0.267 8.08 8.08 -7.18986e-05 -0.0114469 -0.0382488 -0.601646 -1.6704 0
0.286 0.264 8.04 8.04 -1.10432e-05 -0.00360773 -0.0374077 -0.609982 -1.66937 0
0.388 0.316 8.06 8.02 -3.52184e-05 -0.0064033 -0.0374773 -0.664688 -1.67581 0
0.288 0.265 8 8 -5.15156e-05 -0.00377935 -0.0376264 -0.611321 -1.66936 0
0.29 0.269 8.02 8 -6.52935e-05 -0.0211497 -0.0342591 -0.597153 -1.67052 0
0.386 0.315 8.1 4.02 -3.27173e-05 -0.00283558 -0.0371024 -0.667948 -1.67543 0
0.288 0.268 8.1 8.08 -7.92741e-05 -0.0233746 -0.0467468 -0.580636 -1.67068 0
0.384 0.315 8.18 8.14 -0.000131448 -0.00953806 -0.0375726 -0.657146 -1.67694 0
0.286 0.266 8.14 8.14 -7.04774e-05 -0.0101021 -0.0377265 -0.601677 -1.67045 0
0.286 0.268 8.16 8.16 -0.000135636 -0.0217218 -0.0344464 -0.592384 -1.67097 0
0.282 0.262 8.16 8.14 -4.96183e-05 -0.00364413 -0.0371326 -0.606552 -1.66946 0
0.286 0.267 8.16 8.16 -9.80027e-05 -0.0171476 -0.0393046 -0.592529 -1.67082 0
0.284 0.265 8.2 8.18 -3.75681e-05 -0.0094228 -0.0374655 -0.600864 -1.67051 0
0.282 0.263 8.22 8.2 -1.57389e-05 -0.00606376 -0.0371218 -0.603464 -1.67007 0
0.38 0.314 8.28 8.24 -5.68969e-05 -0.0179314 -0.0335075 -0.648811 -1.67791 0
0.316 0.27 8.28 8.24 6.13311e-05 -0.0121515 -0.0146073 -0.637406 -1.6703 0
0.28 0.262 8.26 8.26 -5.30942e-05 -0.00611659 -0.0369453 -0.601687 -1.67016 0
0.282 0.265 8.28 8.28 -5.10822e-05 -0.0134147 -0.0374766 -0.594466 -1.67097 0
0.28 0.261 8.2 8.2 -7.84768e-06 -0.00373574 -0.0369679 -0.604737 -1.66956 0
0.284 0.268 8.22 8.2 -7.61736e-05 -0.0143714 -0.0356591 -0.596528 -1.67116 0
0.38 0.313 8.26 8.22 -0.000115437 -0.00417385 -0.0369532 -0.661201 -1.67675 0
0.278 0.26 8.26 8.24 -3.94134e-05 -0.00398087 -0.0367873 -0.602842 -1.66961 0
0.282 0.264 8.26 8.24 -5.76334e-05 -0.00905242 -0.037229 -0.599605 -1.67058 0
0.374 0.31 8.36 8.32 -7.74299e-05 -0.0030351 -0.0365984 -0.658873 -1.67662 0
0.136 0.2 8.32 8.32 -8.72976e-05 -0.00353591 -0.0217291 -0.488417 -1.65901 0
0.282 0.266 8.3 8.28 -4.89118e-05 -0.0225256 -0.0405622 -0.581836 -1.67124 0
0.276 0.259 8.32 8.3 -4.72715e-05 -0.00420649 -0.0365637 -0.600864 -1.66972 0
0.274 0.257 8.3 8.28 -4.94496e-05 -0.00248214 -0.0364345 -0.601496 -1.66913 0
0.374 0.313 8.38 8.36 -6.4592e-05 -0.00476831 -0.0362971 -0.653266 -1.67862 0
0.278 0.261 8.32 8.3 -8.84241e-05 -0.00623063 -0.0367363 -0.599838 -1.67024 0
0.28 0.263 8.3 8.3 -4.81893e-05 -0.00887605 -0.0370113 -0.598184 -1.67068 0
0.28 0.265 8.36 8.36 -5.76732e-05 -0.0193847 -0.0384068 -0.585336 -1.67135 0
0.282 0.267 8.3 8.28 -4.17182e-05 -0.0200688 -0.034876 -0.589703 -1.67136 0
0.376 0.312 8.38 8.34 5.4672e-05 -0.00730785 -0.036825 -0.653395 -1.67819 0
0.376 0.313 8.38 8.34 1.78668e-05 -0.00943246 -0.0358759 -0.650973 -1.67868 0
0.274 0.258 8.36 8.36 -1.53627e-05 -0.00449113 -0.0363388 -0.598801 -1.66984 0
0.378 0.313 8.34 8.3 -8.04845e-05 -0.00945364 -0.0373322 -0.652189 -1.67808 0
0.372 0.312 8.46 8.44 -6.38455e-05 -0.00726493 -0.0359405 -0.649344 -1.67925 0
0.276 0.266 8.46 8.46 -6.82557e-05 -0.0138948 -0.0354855 -0.589195 -1.67187 0
0.278 0.266 8.42 8.42 -0.000112306 -0.0181085 -0.0351979 -0.587281 -1.67174 0
0.268 0.255 8.52 8.52 -4.33887e-05 -0.0056201 -0.0355796 -0.592302 -1.67023 0
0.364 0.305 8.54 8.52 -5.94244e-05 -0.00368602 -0.0359718 -0.650608 -1.67763 0
0.37 0.309 8.5 8.48 -4.17441e-05 -0.00603077 -0.0364432 -0.65077 -1.67852 0
0.274 0.266 8.5 8.5 -5.01308e-05 -0.0111251 -0.0355777 -0.589921 -1.67196 0
0.27 0.258 8.58 8.56 -7.93905e-05 -0.00979109 -0.0356653 -0.588848 -1.67114 0
0.274 0.263 8.56 8.54 -5.18091e-05 -0.0252173 -0.0378682 -0.573905 -1.67189 0
0.276 0.264 8.5 8.48 -6.08349e-05 -0.0275279 -0.0412884 -0.570088 -1.67178 0
0.268 0.258 8.66 8.66 -8.33246e-05 -0.0131419 -0.0352658 -0.583358 -1.67165 0
0.27 0.26 8.64 8.64 -5.3494e-05 -0.0167304 -0.0355766 -0.581093 -1.67186 0
0.348 0.306 8.68 8.66 -8.78785e-05 -0.0025966 -0.035479 -0.636852 -1.6774 0
0.356 0.3 8.62 8.6 1.63537e-05 -0.00290722 -0.0353698 -0.646658 -1.67728 0
0.25 0.255 8.6 8.6 -5.47751e-05 -0.00672736 -0.0198008 -0.58257 -1.66567 0
0.36 0.309 8.64 8.62 -0.000255768 -0.00457507 -0.0357942 -0.642381 -1.67948 0
0.206 0.206 8.74 8.72 -2.88147e-05 -0.00214292 -0.0252842 -0.544454 -1.66819 0
0.264 0.256 8.78 8.76 -9.44204e-05 -0.0142102 -0.0344767 -0.579022 -1.67188 0
0.358 0.308 8.72 8.7 -5.74535e-05 -0.00544761 -0.0354455 -0.639826 -1.68006 0
0.346 0.294 8.78 8.74 -9.9591e-05 -0.00339157 -0.0343678 -0.638904 -1.67804 0
0.224 0.222 8.88 8.88 -3.67094e-06 -0.00325559 -0.0290736 -0.557896 -1.66904 0
0.258 0.26 8.8 8.82 -4.40018e-06 -0.00621719 -0.0230415 -0.584008 -1.66953 0
0.332 0.3 8.88 8.88 -0.000101758 -0.00352569 -0.0345284 -0.624723 -1.67728 0
0.344 0.295 8.96 8.92 -0.000100471 -0.00785457 -0.0344781 -0.629383 -1.68076 0
0.264 0.263 8.92 8.92 -5.18871e-05 -0.00576197 -0.0249731 -0.586054 -1.67182 0
