0.2 0.22 7.52 3.76
0.25 0.316 7.54 3.8
0.206 0.236 7.6 3.82
0.194 0.17 7.6 3.8
0.194 0.18 7.72 3.88
0.194 0.176 7.72 3.88
0.202 0.22 7.72 3.86
0.196 0.174 7.76 3.88
0.198 0.198 7.84 3.92
0.204 0.22 7.88 3.96
0.198 0.176 7.8 3.9
0.198 0.194 7.88 3.94
0.208 0.236 7.8 3.92
0.212 0.246 7.88 3.94
0.2 0.206 7.84 3.94
0.198 0.188 7.92 3.98
0.232 0.288 7.92 3.96
0.212 0.244 7.92 3.98
0.242 0.304 7.96 3.98
0.204 0.216 7.96 4
0.2 0.202 7.92 3.96
0.228 0.28 8 4
0.2 0.196 8 4
0.212 0.242 8 4
0.216 0.252 8.04 4.02
0.2 0.184 8.04 4.02
0.21 0.234 8.04 4.04
0.2 0.182 8 4
0.202 0.19 8.12 4.08
0.204 0.186 8.12 4.06
0.222 0.264 8.16 4.08
0.202 0.186 8.12 4.06
0.224 0.27 8.1 4.06
0.204 0.204 8.16 4.1
0.218 0.254 8.16 4.08
0.206 0.204 8.28 4.16
0.232 0.284 8.24 4.12
0.216 0.244 8.28 4.14
0.212 0.194 8.2 4.1
0.208 0.218 8.24 4.12
0.212 0.232 8.24 4.14
0.204 0.194 8.24 4.12
0.226 0.27 8.28 4.16
0.23 0.28 8.24 4.12
0.206 0.212 8.2 4.1
0.204 0.192 8.24 4.12
0.258 0.326 8.3 4.16
0.216 0.24 8.36 4.18
0.222 0.258 8.36 4.18
0.21 0.194 8.32 4.18
0.238 0.294 8.32 4.18
0.208 0.206 8.36 4.2
0.224 0.264 8.32 4.16
0.246 0.308 8.32 4.16
0.22 0.254 8.32 4.16
0.264 0.334 8.36 4.18
0.212 0.228 8.32 4.16
0.208 0.196 8.36 4.2
0.29 0.366 8.34 4.18
0.208 0.194 8.36 4.18
0.238 0.226 8.44 4.22
0.228 0.214 8.44 4.24
0.466 0.454 8.48 4.24
0.234 0.282 8.52 4.26
0.212 0.202 8.52 4.28
0.228 0.266 8.56 4.28
0.228 0.268 8.52 4.26
0.24 0.294 8.52 4.26
0.22 0.206 8.56 4.28
0.216 0.23 8.56 4.28
0.256 0.32 8.64 4.32
0.216 0.226 8.6 4.3
0.216 0.218 8.68 4.34
0.236 0.282 8.64 4.34
0.216 0.206 8.64 4.32
0.218 0.232 8.64 4.32
0.252 0.312 8.72 4.36
0.22 0.232 8.72 4.38
0.236 0.278 8.76 4.38
0.226 0.252 8.76 4.38
0.28 0.352 8.8 4.4
0.352 0.426 8.88 4.44
0.25 0.304 8.88 4.44
0.256 0.312 8.96 4.5
0.224 0.228 8.94 4.48
